14:22:50.078205,0.30912,0.04252,0.95007,-0.00633,0.99907,-0.04265,-0.95100,0.00717,0.30910
14:22:50.097988,0.30192,0.06167,0.95134,-0.03240,0.99799,-0.05441,-0.95278,-0.01439,0.30331
14:22:50.117760,0.30313,0.05794,0.95119,-0.01878,0.99832,-0.05482,-0.95277,-0.00125,0.30371
14:22:50.137547,0.30353,0.06003,0.95093,-0.01954,0.99820,-0.05677,-0.95262,-0.00135,0.30415
14:22:50.157326,0.30363,0.06352,0.95067,-0.02430,0.99797,-0.05892,-0.95248,-0.00521,0.30455
14:22:50.177097,0.30354,0.06872,0.95034,-0.03461,0.99753,-0.06108,-0.95219,-0.01435,0.30517
14:22:50.199436,0.30383,0.06924,0.95021,-0.03540,0.99749,-0.06137,-0.95207,-0.01499,0.30551
14:22:50.219212,0.30352,0.06901,0.95032,-0.03589,0.99749,-0.06098,-0.95215,-0.01560,0.30523
14:22:50.238979,0.30249,0.06825,0.95071,-0.03577,0.99754,-0.06023,-0.95248,-0.01579,0.30419
14:22:50.258747,0.30114,0.06756,0.95118,-0.03513,0.99760,-0.05973,-0.95293,-0.01543,0.30279
14:22:50.278500,0.30028,0.06749,0.95146,-0.03619,0.99758,-0.05934,-0.95316,-0.01662,0.30200
14:22:50.298256,0.29978,0.06801,0.95158,-0.03865,0.99750,-0.05912,-0.95322,-0.01906,0.30166
14:22:50.318493,0.29967,0.06839,0.95159,-0.04060,0.99744,-0.05889,-0.95318,-0.02099,0.30168
14:22:50.338257,0.30027,0.06848,0.95139,-0.04093,0.99743,-0.05887,-0.95298,-0.02126,0.30230
14:22:50.358006,0.30108,0.06821,0.95116,-0.03876,0.99749,-0.05926,-0.95281,-0.01903,0.30297
14:22:50.377773,0.30197,0.06848,0.95086,-0.03599,0.99752,-0.06041,-0.95264,-0.01598,0.30369
14:22:50.397533,0.30314,0.06995,0.95038,-0.03339,0.99747,-0.06276,-0.95236,-0.01271,0.30471
14:22:50.417774,0.30461,0.07204,0.94975,-0.03073,0.99736,-0.06580,-0.95198,-0.00915,0.30602
14:22:50.437527,0.30587,0.07420,0.94918,-0.02769,0.99723,-0.06903,-0.95167,-0.00517,0.30708
14:22:50.461094,0.30549,0.07684,0.94909,-0.02338,0.99704,-0.07320,-0.95191,0.00017,0.30639
14:22:50.480843,0.30345,0.08148,0.94936,-0.02073,0.99667,-0.07891,-0.95262,0.00427,0.30412
14:22:50.500603,0.30196,0.08917,0.94914,-0.02059,0.99599,-0.08702,-0.95310,0.00673,0.30258
14:22:50.520378,0.29620,0.10124,0.94974,-0.02471,0.99485,-0.09834,-0.95481,0.00566,0.29718
14:22:50.540642,0.29209,0.10886,0.95018,-0.02665,0.99404,-0.10570,-0.95602,0.00555,0.29325
14:22:50.560425,0.28545,0.11476,0.95150,-0.02777,0.99338,-0.11148,-0.95799,0.00540,0.28675
14:22:50.580208,0.27342,0.12216,0.95410,-0.03172,0.99251,-0.11799,-0.96137,0.00200,0.27525
14:22:50.599972,0.25731,0.13096,0.95741,-0.03721,0.99138,-0.12560,-0.96561,-0.00331,0.25997
14:22:50.623562,0.24472,0.14054,0.95935,-0.04661,0.99000,-0.13314,-0.96847,-0.01214,0.24882
14:22:50.643833,0.23746,0.14913,0.95988,-0.05524,0.98862,-0.13993,-0.96982,-0.01979,0.24300
14:22:50.663612,0.23312,0.15500,0.96002,-0.05954,0.98764,-0.14500,-0.97062,-0.02336,0.23947
14:22:50.683399,0.22842,0.16247,0.95991,-0.06933,0.98619,-0.15042,-0.97109,-0.03220,0.23653
14:22:50.703171,0.22298,0.16849,0.96015,-0.07780,0.98488,-0.15476,-0.97171,-0.04019,0.23272
14:22:50.722939,0.21817,0.17218,0.96060,-0.08262,0.98404,-0.15761,-0.97241,-0.04498,0.22892
14:22:50.742691,0.21598,0.17468,0.96065,-0.08230,0.98362,-0.16035,-0.97292,-0.04443,0.22682
14:22:50.762943,0.21616,0.17727,0.96013,-0.07931,0.98332,-0.16369,-0.97313,-0.04077,0.22661
14:22:50.782703,0.21659,0.17759,0.95998,-0.07411,0.98347,-0.16521,-0.97345,-0.03537,0.22617
14:22:50.806290,0.21601,0.17680,0.96025,-0.06373,0.98392,-0.16683,-0.97431,-0.02516,0.22381
14:22:50.826046,0.21562,0.17574,0.96053,-0.05947,0.98421,-0.16672,-0.97466,-0.02118,0.22267
14:22:50.845814,0.21547,0.17510,0.96068,-0.06039,0.98430,-0.16586,-0.97464,-0.02227,0.22266
14:22:50.866077,0.21839,0.17327,0.96035,-0.06234,0.98458,-0.16347,-0.97387,-0.02417,0.22583
14:22:50.885861,0.22488,0.16789,0.95981,-0.05778,0.98561,-0.15887,-0.97267,-0.01973,0.23134
14:22:50.905628,0.23425,0.15889,0.95910,-0.04728,0.98725,-0.15200,-0.97103,-0.00974,0.23878
14:22:50.925388,0.24793,0.14660,0.95762,-0.04039,0.98919,-0.14097,-0.96794,-0.00373,0.25117
14:22:50.945164,0.26069,0.14307,0.95476,-0.04412,0.98969,-0.13626,-0.96441,-0.00660,0.26432
14:22:50.964768,0.27391,0.14169,0.95126,-0.05053,0.98984,-0.13288,-0.96043,-0.01167,0.27829
14:22:50.985012,0.28796,0.13858,0.94756,-0.05287,0.99027,-0.12876,-0.95618,-0.01301,0.29248
14:22:51.004784,0.30120,0.13461,0.94401,-0.05367,0.99081,-0.12415,-0.95205,-0.01327,0.30566
14:22:51.024559,0.31377,0.13044,0.94050,-0.05478,0.99136,-0.11922,-0.94792,-0.01411,0.31821
14:22:51.044327,0.32387,0.13019,0.93710,-0.06050,0.99131,-0.11681,-0.94416,-0.01887,0.32894
14:22:51.064083,0.33677,0.12867,0.93275,-0.06553,0.99142,-0.11310,-0.93930,-0.02304,0.34231
14:22:51.084335,0.34822,0.13291,0.92794,-0.07265,0.99075,-0.11465,-0.93459,-0.02749,0.35466
14:22:51.104095,0.35879,0.13890,0.92303,-0.08274,0.98971,-0.11677,-0.92974,-0.03447,0.36659
14:22:51.123863,0.36961,0.14493,0.91782,-0.09357,0.98855,-0.11842,-0.92447,-0.04211,0.37893
14:22:51.143627,0.38305,0.14738,0.91190,-0.09971,0.98802,-0.11780,-0.91833,-0.04580,0.39315
14:22:51.163403,0.39750,0.14608,0.90590,-0.10092,0.98822,-0.11507,-0.91203,-0.04568,0.40756
14:22:51.183163,0.41192,0.14452,0.89968,-0.10151,0.98847,-0.11231,-0.90555,-0.04507,0.42185
14:22:51.203384,0.42945,0.14390,0.89155,-0.10641,0.98841,-0.10828,-0.89680,-0.04837,0.43979
14:22:51.223137,0.44818,0.14326,0.88239,-0.10874,0.98848,-0.10526,-0.88730,-0.04877,0.45860
14:22:51.242901,0.46764,0.14293,0.87229,-0.11207,0.98846,-0.10188,-0.87679,-0.05011,0.47826
14:22:51.262669,0.48792,0.14145,0.86135,-0.11413,0.98865,-0.09770,-0.86539,-0.05064,0.49853
14:22:51.282429,0.50821,0.13922,0.84991,-0.11492,0.98899,-0.09328,-0.85353,-0.05027,0.51861
14:22:51.302647,0.52748,0.13723,0.83841,-0.11686,0.98921,-0.08839,-0.84149,-0.05136,0.53782
14:22:51.322361,0.54382,0.13303,0.82859,-0.11703,0.98973,-0.08209,-0.83100,-0.05233,0.55380
14:22:51.342087,0.55707,0.12610,0.82084,-0.11574,0.99055,-0.07362,-0.82236,-0.05399,0.56640
14:22:51.361820,0.56685,0.12161,0.81479,-0.11550,0.99101,-0.06756,-0.81568,-0.05581,0.57580
14:22:51.385342,0.58541,0.10739,0.80360,-0.10251,0.99304,-0.05804,-0.80423,-0.04840,0.59234
14:22:51.405067,0.60203,0.09642,0.79263,-0.08885,0.99461,-0.05351,-0.79352,-0.03821,0.60735
14:22:51.425289,0.61799,0.08921,0.78111,-0.07968,0.99553,-0.05066,-0.78214,-0.03093,0.62234
14:22:51.445038,0.63297,0.08480,0.76952,-0.07285,0.99610,-0.04985,-0.77074,-0.02451,0.63667
14:22:51.464764,0.64710,0.07998,0.75820,-0.06519,0.99664,-0.04950,-0.75962,-0.01739,0.65014
14:22:51.484524,0.65991,0.07801,0.74729,-0.06150,0.99687,-0.04976,-0.74883,-0.01312,0.66264
14:22:51.504292,0.67096,0.07852,0.73733,-0.06157,0.99684,-0.05013,-0.73894,-0.01176,0.67367
14:22:51.524540,0.68137,0.07751,0.72782,-0.06018,0.99694,-0.04984,-0.72946,-0.00984,0.68395
14:22:51.544300,0.69260,0.07624,0.71728,-0.05698,0.99707,-0.05096,-0.71906,-0.00557,0.69492
14:22:51.567883,0.70445,0.07836,0.70541,-0.05747,0.99692,-0.05335,-0.70742,-0.00296,0.70679
14:22:51.587647,0.71208,0.08087,0.69743,-0.05829,0.99672,-0.05607,-0.69968,-0.00073,0.71446
14:22:51.607407,0.71895,0.08096,0.69033,-0.05642,0.99671,-0.05812,-0.69277,0.00284,0.72116
14:22:51.627155,0.72430,0.07875,0.68497,-0.05282,0.99687,-0.05877,-0.68746,0.00639,0.72620
14:22:51.647388,0.72641,0.08227,0.68232,-0.05534,0.99659,-0.06125,-0.68503,0.00674,0.72849
14:22:51.667126,0.72957,0.08265,0.67889,-0.05501,0.99655,-0.06221,-0.68169,0.00804,0.73160
14:22:51.686878,0.73302,0.07960,0.67554,-0.05065,0.99676,-0.06249,-0.67832,0.01159,0.73467
14:22:51.710445,0.73842,0.07539,0.67012,-0.04504,0.99703,-0.06254,-0.67284,0.01600,0.73962
14:22:51.730198,0.74483,0.07253,0.66330,-0.04140,0.99718,-0.06256,-0.66596,0.01914,0.74574
14:22:51.750446,0.75025,0.07363,0.65704,-0.04110,0.99705,-0.06480,-0.65988,0.02161,0.75106
14:22:51.770203,0.75434,0.07543,0.65214,-0.04116,0.99686,-0.06769,-0.65520,0.02422,0.75507
14:22:51.789940,0.75780,0.07751,0.64786,-0.04177,0.99665,-0.07037,-0.65115,0.02627,0.75850
14:22:51.809677,0.76033,0.07705,0.64495,-0.03993,0.99661,-0.07199,-0.64831,0.02899,0.76082
14:22:51.829422,0.76233,0.07830,0.64244,-0.04025,0.99647,-0.07368,-0.64594,0.03031,0.76279
14:22:51.849175,0.76397,0.08397,0.63977,-0.04564,0.99605,-0.07622,-0.64364,0.02903,0.76478
14:22:51.869415,0.76769,0.08622,0.63500,-0.04712,0.99582,-0.07824,-0.63909,0.03014,0.76854
14:22:51.892979,0.77274,0.08775,0.62863,-0.04739,0.99561,-0.08073,-0.63296,0.03259,0.77350
14:22:51.912720,0.77584,0.09076,0.62437,-0.04972,0.99532,-0.08289,-0.62897,0.03327,0.77672
14:22:51.932461,0.77687,0.09643,0.62224,-0.05524,0.99483,-0.08520,-0.62724,0.03182,0.77818
14:22:51.952198,0.77709,0.10413,0.62072,-0.06288,0.99413,-0.08805,-0.62625,0.02939,0.77907
14:22:51.972420,0.78008,0.10526,0.61677,-0.06204,0.99390,-0.09116,-0.62260,0.03285,0.78185
14:22:51.992165,0.78187,0.10695,0.61420,-0.06136,0.99359,-0.09490,-0.62042,0.03651,0.78342
14:22:52.011913,0.78243,0.10793,0.61331,-0.06065,0.99339,-0.09745,-0.61977,0.03905,0.78381
14:22:52.035458,0.77895,0.12022,0.61545,-0.07404,0.99222,-0.10011,-0.62270,0.03241,0.78179
14:22:52.055195,0.78020,0.12359,0.61321,-0.07650,0.99178,-0.10255,-0.62084,0.03310,0.78324
14:22:52.074947,0.78123,0.12817,0.61094,-0.08049,0.99121,-0.10502,-0.61903,0.03287,0.78468
14:22:52.095173,0.78278,0.13130,0.60829,-0.08313,0.99079,-0.10688,-0.61672,0.03310,0.78648
14:22:52.114914,0.78383,0.13410,0.60633,-0.08607,0.99044,-0.10779,-0.61498,0.03230,0.78788
14:22:52.134659,0.78474,0.13343,0.60529,-0.08580,0.99054,-0.10712,-0.61385,0.03213,0.78877
14:22:52.154392,0.78545,0.13218,0.60465,-0.08552,0.99074,-0.10548,-0.61299,0.03114,0.78948
14:22:52.174133,0.78752,0.13012,0.60239,-0.08514,0.99105,-0.10277,-0.61038,0.02965,0.79156
14:22:52.194355,0.79123,0.12783,0.59800,-0.08261,0.99129,-0.10261,-0.60591,0.03179,0.79490
14:22:52.217903,0.79372,0.12827,0.59461,-0.08281,0.99120,-0.10328,-0.60262,0.03274,0.79736
14:22:52.237663,0.79464,0.12814,0.59340,-0.08216,0.99118,-0.10402,-0.60150,0.03391,0.79816
14:22:52.257423,0.79448,0.12683,0.59390,-0.08028,0.99130,-0.10430,-0.60196,0.03518,0.79775
14:22:52.277164,0.79346,0.12614,0.59541,-0.07923,0.99137,-0.10444,-0.60344,0.03569,0.79661
14:22:52.296906,0.79366,0.12473,0.59544,-0.07835,0.99156,-0.10327,-0.60330,0.03531,0.79673
14:22:52.317120,0.79535,0.12270,0.59360,-0.07659,0.99179,-0.10239,-0.60129,0.03597,0.79822
14:22:52.336880,0.79644,0.12174,0.59234,-0.07490,0.99184,-0.10314,-0.60006,0.03778,0.79906
14:22:52.360439,0.79766,0.12208,0.59062,-0.07389,0.99170,-0.10519,-0.59856,0.04027,0.80007
14:22:52.380192,0.79876,0.12314,0.58891,-0.07448,0.99154,-0.10631,-0.59702,0.04105,0.80118
14:22:52.399925,0.80032,0.12390,0.58663,-0.07523,0.99143,-0.10677,-0.59483,0.04132,0.80279
14:22:52.419659,0.80086,0.12675,0.58529,-0.07802,0.99110,-0.10787,-0.59375,0.04073,0.80362
14:22:52.439880,0.80104,0.13162,0.58396,-0.08285,0.99052,-0.10961,-0.59285,0.03942,0.80435
14:22:52.459633,0.80071,0.13385,0.58391,-0.08513,0.99025,-0.11027,-0.59297,0.03858,0.80430
14:22:52.479378,0.79908,0.13414,0.58606,-0.08630,0.99029,-0.10899,-0.59499,0.03651,0.80290
14:22:52.499126,0.79587,0.13412,0.59043,-0.08879,0.99047,-0.10530,-0.59892,0.03138,0.80019
14:22:52.522682,0.79100,0.13415,0.59693,-0.09198,0.99065,-0.10075,-0.60486,0.02478,0.79594
14:22:52.542900,0.78619,0.13509,0.60304,-0.09305,0.99057,-0.10060,-0.61094,0.02298,0.79134
14:22:52.562649,0.78540,0.12732,0.60576,-0.08420,0.99150,-0.09923,-0.61324,0.02693,0.78944
14:22:52.582390,0.78504,0.12078,0.60756,-0.07593,0.99217,-0.09912,-0.61477,0.03168,0.78807
14:22:52.602135,0.78457,0.11711,0.60888,-0.07173,0.99255,-0.09848,-0.61588,0.03359,0.78712
14:22:52.621880,0.78481,0.11531,0.60891,-0.06990,0.99274,-0.09790,-0.61578,0.03426,0.78717
14:22:52.641617,0.78436,0.11630,0.60931,-0.07269,0.99273,-0.09591,-0.61603,0.03093,0.78711
14:22:52.661819,0.78195,0.11892,0.61189,-0.07948,0.99264,-0.09135,-0.61825,0.02280,0.78565
14:22:52.685364,0.77734,0.12199,0.61714,-0.08961,0.99249,-0.08330,-0.62266,0.00945,0.78243
14:22:52.705086,0.77758,0.11551,0.61809,-0.08836,0.99330,-0.07447,-0.62255,0.00329,0.78257
14:22:52.724812,0.77735,0.11173,0.61907,-0.08950,0.99373,-0.06697,-0.62267,-0.00334,0.78248
14:22:52.744537,0.77477,0.11291,0.62208,-0.09559,0.99353,-0.06129,-0.62498,-0.01198,0.78055
14:22:52.764732,0.76912,0.11563,0.62856,-0.10184,0.99310,-0.05808,-0.63094,-0.01935,0.77559
14:22:52.784454,0.76335,0.10905,0.63671,-0.09807,0.99379,-0.05263,-0.63849,-0.02226,0.76930
14:22:52.804173,0.75513,0.09900,0.64805,-0.09183,0.99476,-0.04496,-0.64911,-0.02556,0.76027
14:22:52.823898,0.74463,0.08891,0.66153,-0.08711,0.99556,-0.03575,-0.66177,-0.03100,0.74906
14:22:52.847488,0.73005,0.08242,0.67841,-0.08805,0.99577,-0.02623,-0.67770,-0.04058,0.73422
14:22:52.867237,0.72094,0.07424,0.68901,-0.08297,0.99634,-0.02053,-0.68801,-0.04237,0.72446
14:22:52.887470,0.71570,0.06464,0.69541,-0.07589,0.99701,-0.01457,-0.69428,-0.04235,0.71846
14:22:52.907215,0.71384,0.05711,0.69797,-0.07203,0.99737,-0.00794,-0.69659,-0.04461,0.71608
14:22:52.926968,0.71177,0.05566,0.70021,-0.07387,0.99726,-0.00418,-0.69852,-0.04875,0.71393
14:22:52.946724,0.71151,0.05436,0.70057,-0.07476,0.99720,-0.00144,-0.69869,-0.05135,0.71358
14:22:52.966477,0.71181,0.05533,0.70019,-0.07693,0.99704,-0.00057,-0.69815,-0.05346,0.71396
14:22:52.986698,0.71158,0.06001,0.70004,-0.08217,0.99662,-0.00191,-0.69779,-0.05616,0.71410
14:22:53.010265,0.71647,0.05606,0.69536,-0.07526,0.99716,-0.00284,-0.69354,-0.05030,0.71866
14:22:53.030006,0.72201,0.05272,0.68988,-0.07011,0.99754,-0.00286,-0.68833,-0.04631,0.72392
14:22:53.049755,0.72109,0.06078,0.69018,-0.08096,0.99671,-0.00319,-0.68810,-0.05358,0.72364
14:22:53.069489,0.71859,0.06511,0.69238,-0.08786,0.99613,-0.00249,-0.68987,-0.05904,0.72152
14:22:53.089222,0.71644,0.07147,0.69398,-0.09571,0.99540,-0.00370,-0.69105,-0.06377,0.71999
14:22:53.109459,0.71677,0.07513,0.69325,-0.10183,0.99480,-0.00253,-0.68983,-0.06878,0.72069
14:22:53.129211,0.71754,0.07516,0.69245,-0.10460,0.99451,0.00045,-0.68862,-0.07276,0.72146
14:22:53.148945,0.71706,0.07521,0.69295,-0.10809,0.99413,0.00395,-0.68858,-0.07774,0.72098
14:22:53.172485,0.71405,0.07921,0.69560,-0.11475,0.99338,0.00467,-0.69063,-0.08316,0.71842
14:22:53.192223,0.71605,0.07846,0.69362,-0.11417,0.99345,0.00548,-0.68865,-0.08311,0.72032
14:22:53.212418,0.71722,0.07698,0.69259,-0.11447,0.99339,0.00812,-0.68738,-0.08511,0.72129
14:22:53.232124,0.71563,0.07659,0.69426,-0.11673,0.99310,0.01077,-0.68865,-0.08875,0.71964
14:22:53.251823,0.71379,0.07168,0.69668,-0.11429,0.99334,0.01489,-0.69097,-0.09025,0.71723
14:22:53.271534,0.71116,0.06626,0.69990,-0.11333,0.99333,0.02112,-0.69383,-0.09434,0.71393
14:22:53.291245,0.70849,0.06234,0.70296,-0.11507,0.99297,0.02792,-0.69628,-0.10067,0.71068
14:22:53.314774,0.70756,0.05715,0.70434,-0.11591,0.99261,0.03590,-0.69708,-0.10705,0.70896
14:22:53.334991,0.70748,0.05435,0.70464,-0.11805,0.99212,0.04201,-0.69681,-0.11290,0.70832
14:22:53.354702,0.70625,0.04645,0.70644,-0.11096,0.99278,0.04566,-0.69922,-0.11063,0.70630
14:22:53.374405,0.70289,0.03919,0.71022,-0.10102,0.99386,0.04514,-0.70409,-0.10348,0.70254
14:22:53.394127,0.70008,0.03739,0.71309,-0.09800,0.99421,0.04408,-0.70731,-0.10075,0.69969
14:22:53.413868,0.70051,0.03282,0.71288,-0.09174,0.99479,0.04435,-0.70772,-0.09647,0.69988
14:22:53.434086,0.70069,0.02937,0.71286,-0.08392,0.99561,0.04148,-0.70852,-0.08889,0.70007
14:22:53.453819,0.69949,0.02734,0.71412,-0.07768,0.99626,0.03794,-0.71041,-0.08201,0.69900
14:22:53.477375,0.69606,0.02272,0.71762,-0.06666,0.99723,0.03308,-0.71488,-0.07086,0.69564
14:22:53.497108,0.69354,0.02522,0.71998,-0.06614,0.99740,0.02877,-0.71738,-0.06757,0.69340
14:22:53.516865,0.69292,0.03789,0.72002,-0.07936,0.99656,0.02392,-0.71663,-0.07372,0.69354
14:22:53.536614,0.69575,0.04338,0.71698,-0.08739,0.99587,0.02455,-0.71295,-0.07974,0.69667
14:22:53.556847,0.69861,0.04895,0.71383,-0.09057,0.99568,0.02035,-0.70975,-0.07887,0.70002
14:22:53.576592,0.70167,0.05857,0.71009,-0.09535,0.99537,0.01213,-0.70609,-0.07622,0.70401
14:22:53.596352,0.70476,0.06550,0.70641,-0.10555,0.99433,0.01311,-0.70155,-0.08381,0.70768
14:22:53.616077,0.70725,0.07034,0.70345,-0.12372,0.99200,0.02520,-0.69605,-0.10485,0.71029
14:22:53.639629,0.70823,0.08014,0.70141,-0.14870,0.98818,0.03724,-0.69014,-0.13067,0.71178
14:22:53.659363,0.71031,0.08498,0.69875,-0.16546,0.98503,0.04840,-0.68417,-0.15000,0.71373
14:22:53.679554,0.71127,0.08501,0.69776,-0.17086,0.98380,0.05430,-0.68184,-0.15784,0.71427
14:22:53.699261,0.70940,0.08125,0.70011,-0.16856,0.98407,0.05659,-0.68436,-0.15815,0.71179
14:22:53.718967,0.70042,0.08079,0.70914,-0.17201,0.98340,0.05785,-0.69269,-0.16250,0.70269
14:22:53.738689,0.68292,0.08711,0.72528,-0.18881,0.98017,0.06007,-0.70567,-0.17797,0.68583
14:22:53.758431,0.67771,0.06990,0.73200,-0.17148,0.98305,0.06489,-0.71506,-0.16950,0.67821
14:22:53.778675,0.67458,0.05835,0.73589,-0.15941,0.98487,0.06803,-0.72079,-0.16320,0.67367
14:22:53.802258,0.68595,0.04522,0.72624,-0.14588,0.98635,0.07637,-0.71287,-0.15833,0.68319
14:22:53.821976,0.68714,0.05285,0.72460,-0.16146,0.98352,0.08138,-0.70836,-0.17292,0.68435
14:22:53.841671,0.68098,0.06451,0.72946,-0.18380,0.97928,0.08498,-0.70886,-0.19194,0.67873
14:22:53.861416,0.67988,0.06126,0.73076,-0.18094,0.97971,0.08620,-0.71065,-0.19083,0.67717
14:22:53.881184,0.67960,0.04738,0.73205,-0.16880,0.98123,0.09320,-0.71390,-0.18691,0.67484
14:22:53.901398,0.67655,0.03214,0.73569,-0.15752,0.98224,0.10194,-0.71935,-0.18485,0.66960
14:22:53.921120,0.67241,0.02061,0.73989,-0.14818,0.98313,0.10727,-0.72520,-0.18176,0.66412
14:22:53.944649,0.66582,0.01537,0.74595,-0.13944,0.98474,0.10418,-0.73296,-0.17338,0.65780
14:22:53.964409,0.66148,0.01445,0.74982,-0.12800,0.98732,0.09390,-0.73895,-0.15809,0.65495
14:22:53.984158,0.65646,0.00836,0.75432,-0.11184,0.98997,0.08636,-0.74603,-0.14105,0.65081
14:22:54.004391,0.65753,-0.00614,0.75340,-0.07758,0.99410,0.07581,-0.74942,-0.10830,0.65318
14:22:54.024155,0.65961,-0.00842,0.75156,-0.06406,0.99567,0.06738,-0.74887,-0.09259,0.65622
14:22:54.043942,0.66038,-0.00111,0.75093,-0.06773,0.99583,0.06104,-0.74787,-0.09117,0.65755
14:22:54.063725,0.66198,0.00476,0.74951,-0.06837,0.99619,0.05406,-0.74640,-0.08703,0.65979
14:22:54.083504,0.66332,0.00946,0.74827,-0.06911,0.99642,0.04867,-0.74514,-0.08400,0.66160
14:22:54.107090,0.66694,0.01650,0.74493,-0.07777,0.99584,0.04757,-0.74104,-0.08966,0.66545
14:22:54.127346,0.67401,0.02307,0.73836,-0.09047,0.99457,0.05150,-0.73316,-0.10151,0.67244
14:22:54.147099,0.67722,0.03398,0.73499,-0.10641,0.99295,0.05215,-0.72804,-0.11353,0.67607
14:22:54.166828,0.67820,0.03780,0.73391,-0.11169,0.99238,0.05210,-0.72634,-0.11731,0.67725
14:22:54.186546,0.67645,0.03416,0.73570,-0.10937,0.99251,0.05449,-0.72832,-0.11732,0.67512
14:22:54.206303,0.67111,0.03066,0.74073,-0.10754,0.99260,0.05635,-0.73352,-0.11748,0.66944
14:22:54.226540,0.66826,0.02859,0.74338,-0.10625,0.99269,0.05733,-0.73631,-0.11729,0.66640
14:22:54.246296,0.66599,0.03217,0.74527,-0.11006,0.99237,0.05552,-0.73780,-0.11900,0.66445
14:22:54.266045,0.66262,0.03192,0.74828,-0.11082,0.99227,0.05580,-0.74071,-0.11990,0.66104
14:22:54.289597,0.65658,0.02571,0.75382,-0.10562,0.99271,0.05814,-0.74683,-0.11779,0.65450
14:22:54.309345,0.65193,0.02013,0.75801,-0.10389,0.99259,0.06299,-0.75113,-0.11981,0.64919
14:22:54.329094,0.64845,0.01853,0.76103,-0.10821,0.99180,0.06806,-0.75353,-0.12648,0.64513
14:22:54.349316,0.64414,0.02152,0.76460,-0.11563,0.99086,0.06953,-0.75611,-0.13319,0.64074
14:22:54.369053,0.64079,0.02320,0.76736,-0.12030,0.99023,0.07053,-0.75823,-0.13751,0.63732
14:22:54.388813,0.63788,0.02384,0.76977,-0.12429,0.98961,0.07234,-0.76004,-0.14182,0.63421
14:22:54.408543,0.63382,0.02474,0.77309,-0.13083,0.98852,0.07563,-0.76234,-0.14908,0.62978
14:22:54.432075,0.61946,0.03462,0.78426,-0.15889,0.98388,0.08206,-0.76878,-0.17544,0.61498
14:22:54.451813,0.61239,0.03606,0.78973,-0.16874,0.98190,0.08602,-0.77234,-0.18594,0.60739
14:22:54.472057,0.61142,0.02926,0.79076,-0.16433,0.98222,0.09072,-0.77405,-0.18542,0.60537
14:22:54.491829,0.60914,0.02624,0.79262,-0.16374,0.98208,0.09332,-0.77597,-0.18663,0.60253
14:22:54.511593,0.60238,0.02514,0.79781,-0.16210,0.98253,0.09143,-0.78158,-0.18440,0.59593
14:22:54.531353,0.59528,0.01890,0.80330,-0.15460,0.98374,0.09141,-0.78851,-0.17860,0.58852
14:22:54.551136,0.59096,0.00886,0.80665,-0.14459,0.98491,0.09511,-0.79364,-0.17284,0.58332
14:22:54.571396,0.59012,0.00070,0.80731,-0.14054,0.98482,0.10188,-0.79499,-0.17358,0.58126
14:22:54.591183,0.59230,-0.00196,0.80571,-0.14757,0.98282,0.11087,-0.79209,-0.18456,0.58184
14:22:54.610786,0.59614,-0.00305,0.80288,-0.15882,0.97978,0.12165,-0.78702,-0.20003,0.58360
14:22:54.630535,0.60044,-0.00825,0.79963,-0.16403,0.97741,0.13326,-0.78267,-0.21118,0.58552
14:22:54.650295,0.60304,-0.01968,0.79747,-0.16137,0.97602,0.14611,-0.78122,-0.21679,0.58540
14:22:54.670044,0.60266,-0.03291,0.79732,-0.15736,0.97463,0.15917,-0.78233,-0.22139,0.58219
14:22:54.690273,0.60261,-0.04555,0.79673,-0.15072,0.97391,0.16967,-0.78367,-0.22233,0.58003
14:22:54.710022,0.60345,-0.05366,0.79559,-0.14536,0.97361,0.17592,-0.78404,-0.22180,0.57973
14:22:54.729797,0.60787,-0.06461,0.79140,-0.13149,0.97473,0.18057,-0.78308,-0.21382,0.58401
14:22:54.749565,0.61031,-0.07268,0.78882,-0.12236,0.97518,0.18452,-0.78265,-0.20913,0.58627
14:22:54.769325,0.60964,-0.07852,0.78878,-0.11827,0.97493,0.18846,-0.78380,-0.20818,0.58508
14:22:54.789555,0.60525,-0.07672,0.79233,-0.12522,0.97378,0.18994,-0.78612,-0.21418,0.57978
14:22:54.809307,0.60359,-0.07543,0.79372,-0.13033,0.97279,0.19156,-0.78657,-0.21907,0.57734
14:22:54.829063,0.60404,-0.07681,0.79325,-0.13089,0.97227,0.19381,-0.78614,-0.22090,0.57723
14:22:54.848824,0.60313,-0.07989,0.79363,-0.12828,0.97230,0.19537,-0.78726,-0.21964,0.57617
14:22:54.868580,0.60216,-0.08490,0.79385,-0.12293,0.97261,0.19727,-0.78885,-0.21637,0.57523
14:22:54.888332,0.60451,-0.09309,0.79114,-0.11336,0.97299,0.20111,-0.78849,-0.21126,0.57763
14:22:54.908577,0.60973,-0.10213,0.78600,-0.10304,0.97304,0.20636,-0.78589,-0.20681,0.58276
14:22:54.928345,0.61298,-0.10644,0.78289,-0.09877,0.97279,0.20959,-0.78390,-0.20580,0.58579
14:22:54.948113,0.61575,-0.11059,0.78015,-0.09467,0.97255,0.21258,-0.78224,-0.20475,0.58837
14:22:54.967896,0.61785,-0.11464,0.77789,-0.09016,0.97246,0.21492,-0.78111,-0.20292,0.59050
14:22:54.987671,0.61868,-0.11842,0.77667,-0.08674,0.97224,0.21733,-0.78084,-0.20182,0.59123
14:22:55.007889,0.61739,-0.12132,0.77725,-0.08555,0.97182,0.21964,-0.78199,-0.20210,0.58961
14:22:55.027615,0.61556,-0.12326,0.77839,-0.08497,0.97156,0.22104,-0.78350,-0.20221,0.58758
14:22:55.051170,0.61470,-0.12595,0.77864,-0.08382,0.97115,0.22326,-0.78429,-0.20250,0.58641
14:22:55.070930,0.61444,-0.12800,0.77851,-0.08337,0.97069,0.22540,-0.78454,-0.20340,0.58576
14:22:55.090694,0.61423,-0.13018,0.77831,-0.08438,0.96981,0.22880,-0.78460,-0.20621,0.58470
14:22:55.110451,0.61413,-0.13261,0.77798,-0.08570,0.96875,0.23278,-0.78454,-0.20962,0.58357
14:22:55.130692,0.61598,-0.13486,0.77614,-0.08430,0.96830,0.23515,-0.78324,-0.21028,0.58508
14:22:55.150436,0.61688,-0.13547,0.77531,-0.08253,0.96851,0.23489,-0.78272,-0.20888,0.58627
14:22:55.170212,0.61264,-0.13257,0.77917,-0.08395,0.96934,0.23093,-0.78590,-0.20688,0.58272
14:22:55.189968,0.60329,-0.12611,0.78749,-0.09072,0.97016,0.22486,-0.79235,-0.20709,0.57385
14:22:55.213551,0.59338,-0.12115,0.79576,-0.09385,0.97145,0.21788,-0.79944,-0.20397,0.56507
14:22:55.233803,0.58751,-0.11291,0.80130,-0.10145,0.97213,0.21136,-0.80283,-0.20547,0.55968
14:22:55.253582,0.58897,-0.10509,0.80130,-0.10980,0.97191,0.20817,-0.80066,-0.21059,0.56088
14:22:55.273342,0.59133,-0.09565,0.80074,-0.12042,0.97134,0.20496,-0.79739,-0.21762,0.56286
14:22:55.293118,0.59330,-0.09143,0.79978,-0.12284,0.97161,0.20220,-0.79556,-0.21821,0.56522
14:22:55.312893,0.59636,-0.09534,0.79703,-0.11256,0.97318,0.20063,-0.79478,-0.20937,0.56963
14:22:55.332687,0.59794,-0.09714,0.79563,-0.10104,0.97558,0.19504,-0.79515,-0.19702,0.57352
14:22:55.352924,0.60060,-0.08838,0.79465,-0.09924,0.97795,0.18378,-0.79337,-0.18923,0.57859
14:22:55.372677,0.60423,-0.06646,0.79403,-0.10863,0.98034,0.16472,-0.78937,-0.18578,0.58513
14:22:55.396252,0.60516,-0.04313,0.79493,-0.11224,0.98394,0.13883,-0.78815,-0.17324,0.59060
14:22:55.416008,0.60542,-0.03231,0.79525,-0.10310,0.98757,0.11862,-0.78920,-0.15381,0.59457
14:22:55.435776,0.60996,-0.02790,0.79194,-0.08720,0.99095,0.10207,-0.78762,-0.13131,0.60200
14:22:55.456036,0.61650,-0.01504,0.78721,-0.08378,0.99289,0.08457,-0.78289,-0.11809,0.61085
14:22:55.475811,0.62182,0.00446,0.78315,-0.09262,0.99339,0.06788,-0.77767,-0.11474,0.61812
14:22:55.495548,0.62456,0.01866,0.78075,-0.09773,0.99372,0.05443,-0.77484,-0.11030,0.62246
14:22:55.515308,0.62274,0.02733,0.78195,-0.10106,0.99383,0.04575,-0.77588,-0.10751,0.62166
14:22:55.538860,0.62111,0.03718,0.78284,-0.10745,0.99348,0.03807,-0.77632,-0.10776,0.62105
14:22:55.558617,0.61651,0.05236,0.78561,-0.12035,0.99233,0.02831,-0.77810,-0.11200,0.61808
14:22:55.578838,0.60654,0.07151,0.79183,-0.13805,0.99029,0.01631,-0.78297,-0.11921,0.61053
14:22:55.598591,0.60045,0.07716,0.79593,-0.13560,0.99074,0.00625,-0.78808,-0.11169,0.60535
14:22:55.618362,0.59556,0.07867,0.79945,-0.12217,0.99249,-0.00666,-0.79396,-0.09370,0.60070
14:22:55.638130,0.59374,0.07995,0.80068,-0.10769,0.99399,-0.01939,-0.79742,-0.07471,0.59878
14:22:55.657894,0.59633,0.07841,0.79890,-0.09119,0.99539,-0.02964,-0.79755,-0.05518,0.60073
14:22:55.678146,0.59619,0.08912,0.79788,-0.08945,0.99501,-0.04431,-0.79784,-0.04495,0.60119
14:22:55.697884,0.59181,0.10315,0.79945,-0.09133,0.99397,-0.06064,-0.80089,-0.03713,0.59767
14:22:55.721424,0.58579,0.12178,0.80126,-0.09376,0.99219,-0.08224,-0.80502,-0.02695,0.59264
14:22:55.741158,0.57885,0.14063,0.80322,-0.10096,0.98980,-0.10054,-0.80916,-0.02290,0.58714
14:22:55.760899,0.57667,0.15779,0.80160,-0.10384,0.98737,-0.11965,-0.81035,-0.01424,0.58577
14:22:55.780628,0.57621,0.17337,0.79870,-0.10640,0.98484,-0.13701,-0.81035,-0.00604,0.58592
14:22:55.800865,0.57579,0.18753,0.79580,-0.11011,0.98226,-0.15180,-0.81015,-0.00022,0.58623
14:22:55.820599,0.57335,0.20096,0.79428,-0.11665,0.97960,-0.16365,-0.81097,0.00117,0.58509
14:22:55.840344,0.56801,0.21510,0.79442,-0.12453,0.97659,-0.17540,-0.81355,0.00070,0.58150
14:22:55.860092,0.56722,0.22618,0.79190,-0.13004,0.97408,-0.18507,-0.81324,0.00200,0.58193
14:22:55.883663,0.56917,0.23673,0.78740,-0.13423,0.97156,-0.19507,-0.81119,0.00533,0.58476
14:22:55.903893,0.57148,0.24347,0.78367,-0.13727,0.96988,-0.20121,-0.80906,0.00741,0.58769
14:22:55.923656,0.57398,0.24789,0.78045,-0.13847,0.96874,-0.20585,-0.80708,0.01009,0.59036
14:22:55.943424,0.57628,0.25117,0.77769,-0.13914,0.96786,-0.20949,-0.80532,0.01252,0.59271
14:22:55.963196,0.57874,0.25258,0.77541,-0.13809,0.96745,-0.21206,-0.80373,0.01565,0.59478
14:22:55.982964,0.58043,0.25389,0.77372,-0.13880,0.96709,-0.21322,-0.80239,0.01637,0.59658
14:22:56.002724,0.58016,0.25524,0.77348,-0.14176,0.96678,-0.21271,-0.80207,0.01376,0.59707
14:22:56.022964,0.57787,0.25759,0.77441,-0.14781,0.96622,-0.21110,-0.80263,0.00753,0.59643
14:22:56.046539,0.57469,0.25979,0.77604,-0.15491,0.96566,-0.20855,-0.80358,-0.00037,0.59520
14:22:56.066292,0.57334,0.26007,0.77694,-0.15903,0.96557,-0.20586,-0.80373,-0.00553,0.59496
14:22:56.086033,0.57251,0.25777,0.77833,-0.16164,0.96615,-0.20108,-0.80381,-0.01069,0.59479
14:22:56.105797,0.57001,0.25645,0.78059,-0.16346,0.96645,-0.19814,-0.80522,-0.01466,0.59280
14:22:56.126034,0.56761,0.25609,0.78245,-0.16328,0.96653,-0.19790,-0.80695,-0.01543,0.59042
14:22:56.145798,0.56489,0.25528,0.78469,-0.15914,0.96679,-0.19995,-0.80968,-0.01193,0.58675
14:22:56.165565,0.56569,0.25319,0.78478,-0.15336,0.96740,-0.20156,-0.81023,-0.00633,0.58608
14:22:56.185333,0.56710,0.24923,0.78504,-0.14623,0.96845,-0.20182,-0.81056,-0.00035,0.58565
14:22:56.208897,0.56817,0.24230,0.78643,-0.13638,0.97018,-0.20038,-0.81153,0.00660,0.58427
14:22:56.228649,0.56609,0.23899,0.78894,-0.13269,0.97099,-0.19893,-0.81359,0.00793,0.58138
14:22:56.248886,0.56366,0.23725,0.79120,-0.12908,0.97140,-0.19933,-0.81586,0.01023,0.57816
14:22:56.268646,0.56132,0.23579,0.79330,-0.12532,0.97172,-0.20014,-0.81806,0.01293,0.57499
14:22:56.288410,0.55882,0.23430,0.79550,-0.12170,0.97204,-0.20081,-0.82031,0.01541,0.57171
14:22:56.308170,0.55628,0.23337,0.79755,-0.11940,0.97224,-0.20121,-0.82237,0.01671,0.56871
14:22:56.327927,0.55554,0.22989,0.79908,-0.11372,0.97300,-0.20086,-0.82368,0.02071,0.56668
14:22:56.348167,0.55704,0.22595,0.79916,-0.10741,0.97380,-0.20046,-0.82351,0.02583,0.56671
14:22:56.367916,0.55811,0.22595,0.79841,-0.10455,0.97369,-0.20248,-0.82315,0.02954,0.56705
14:22:56.391480,0.55598,0.22949,0.79888,-0.10537,0.97284,-0.20613,-0.82449,0.03042,0.56506
14:22:56.411224,0.55238,0.23123,0.80088,-0.10630,0.97245,-0.20745,-0.82679,0.02946,0.56174
14:22:56.430969,0.54926,0.23264,0.80262,-0.10969,0.97223,-0.20673,-0.82842,0.02551,0.55952
14:22:56.450733,0.54868,0.23534,0.80223,-0.11306,0.97163,-0.20771,-0.82836,0.02327,0.55972
14:22:56.470966,0.55067,0.23651,0.80051,-0.11554,0.97138,-0.20752,-0.82669,0.02178,0.56224
14:22:56.490730,0.55463,0.23557,0.79805,-0.11601,0.97161,-0.20618,-0.82397,0.02177,0.56622
14:22:56.510494,0.55901,0.23225,0.79597,-0.11533,0.97242,-0.20274,-0.82110,0.02153,0.57037
14:22:56.530254,0.56147,0.22920,0.79512,-0.11689,0.97321,-0.19800,-0.81920,0.01823,0.57322
14:22:56.553825,0.56220,0.22693,0.79526,-0.11987,0.97382,-0.19314,-0.81827,0.01325,0.57468
14:22:56.573578,0.56173,0.22549,0.79600,-0.12275,0.97421,-0.18935,-0.81816,0.00866,0.57492
14:22:56.593819,0.55801,0.22635,0.79837,-0.12566,0.97404,-0.18832,-0.82027,0.00476,0.57196
14:22:56.613567,0.55413,0.22712,0.80085,-0.12637,0.97386,-0.18875,-0.82278,0.00339,0.56834
14:22:56.633331,0.55326,0.22562,0.80188,-0.12560,0.97421,-0.18745,-0.82349,0.00299,0.56733
14:22:56.653088,0.55204,0.22446,0.80304,-0.12536,0.97448,-0.18620,-0.82434,0.00212,0.56609
14:22:56.672852,0.55003,0.22361,0.80465,-0.12619,0.97468,-0.18460,-0.82555,-0.00001,0.56432
14:22:56.693092,0.54538,0.22498,0.80743,-0.12833,0.97436,-0.18481,-0.82831,-0.00283,0.56027
14:22:56.716663,0.54253,0.22615,0.80902,-0.12895,0.97409,-0.18583,-0.83008,-0.00350,0.55764
14:22:56.736416,0.54509,0.22308,0.80815,-0.12216,0.97480,-0.18669,-0.82943,0.00304,0.55860
14:22:56.756168,0.54730,0.22397,0.80641,-0.12150,0.97458,-0.18821,-0.82807,0.00503,0.56060
14:22:56.775917,0.54910,0.22290,0.80548,-0.11987,0.97482,-0.18804,-0.82711,0.00670,0.56200
14:22:56.795666,0.54977,0.21925,0.80603,-0.11656,0.97563,-0.18588,-0.82715,0.00824,0.56193
14:22:56.815899,0.54914,0.21365,0.80796,-0.11155,0.97686,-0.18249,-0.82825,0.01009,0.56026
14:22:56.835651,0.54690,0.20877,0.81075,-0.10829,0.97791,-0.17876,-0.83016,0.00997,0.55743
14:22:56.855389,0.54176,0.20951,0.81400,-0.11236,0.97780,-0.17689,-0.83299,0.00437,0.55328
14:22:56.878929,0.54096,0.20586,0.81546,-0.11059,0.97857,-0.17367,-0.83374,0.00377,0.55214
14:22:56.898666,0.54003,0.20573,0.81611,-0.11296,0.97861,-0.17194,-0.83403,0.00067,0.55172
14:22:56.918888,0.53943,0.20388,0.81697,-0.11307,0.97899,-0.16966,-0.83440,-0.00085,0.55115
14:22:56.938641,0.53871,0.20026,0.81834,-0.11188,0.97974,-0.16611,-0.83503,-0.00207,0.55020
14:22:56.958397,0.53796,0.19646,0.81976,-0.11201,0.98050,-0.16147,-0.83550,-0.00496,0.54947
14:22:56.978138,0.53836,0.19235,0.82047,-0.10989,0.98131,-0.15795,-0.83552,-0.00512,0.54944
14:22:56.997887,0.53884,0.19069,0.82055,-0.11046,0.98163,-0.15559,-0.83514,-0.00680,0.55000
14:22:57.017643,0.53939,0.18961,0.82043,-0.10962,0.98184,-0.15484,-0.83489,-0.00642,0.55038
14:22:57.037876,0.53892,0.18918,0.82084,-0.10864,0.98193,-0.15498,-0.83532,-0.00566,0.54974
14:22:57.061451,0.53314,0.19437,0.82340,-0.11363,0.98088,-0.15798,-0.83836,-0.00934,0.54504
14:22:57.081211,0.52620,0.20007,0.82649,-0.12011,0.97967,-0.16068,-0.84184,-0.01472,0.53953
14:22:57.100956,0.51933,0.20136,0.83051,-0.12215,0.97936,-0.16106,-0.84580,-0.01781,0.53321
14:22:57.120716,0.51067,0.20506,0.83497,-0.12620,0.97850,-0.16312,-0.85047,-0.02207,0.52557
14:22:57.140949,0.50779,0.20514,0.83670,-0.12296,0.97855,-0.16530,-0.85266,-0.01894,0.52212
14:22:57.160717,0.50984,0.20178,0.83627,-0.11180,0.97940,-0.16815,-0.85298,-0.00776,0.52189
14:22:57.180473,0.51189,0.20122,0.83515,-0.10792,0.97954,-0.16987,-0.85224,-0.00318,0.52314
14:22:57.204056,0.51443,0.19797,0.83437,-0.10286,0.98021,-0.16916,-0.85134,0.00119,0.52461
14:22:57.223808,0.51430,0.19328,0.83554,-0.09769,0.98113,-0.16683,-0.85203,0.00418,0.52348
14:22:57.243561,0.51019,0.18978,0.83886,-0.09514,0.98182,-0.16426,-0.85478,0.00400,0.51897
14:22:57.263783,0.50540,0.18638,0.84251,-0.09235,0.98247,-0.16194,-0.85793,0.00404,0.51376
14:22:57.283554,0.50486,0.18168,0.84387,-0.08647,0.98333,-0.15998,-0.85886,0.00780,0.51215
14:22:57.303310,0.51159,0.16824,0.84260,-0.06382,0.98537,-0.15800,-0.85686,0.02706,0.51485
14:22:57.323082,0.51405,0.16330,0.84207,-0.05563,0.98599,-0.15725,-0.85595,0.03399,0.51594
14:22:57.342850,0.51444,0.15832,0.84279,-0.04813,0.98659,-0.15595,-0.85618,0.03967,0.51516
14:22:57.363129,0.51080,0.15542,0.84554,-0.04427,0.98697,-0.15468,-0.85856,0.04158,0.51102
14:22:57.382736,0.50489,0.15340,0.84944,-0.04007,0.98719,-0.15446,-0.86225,0.04395,0.50457
14:22:57.402512,0.49862,0.15079,0.85361,-0.03446,0.98742,-0.15429,-0.86614,0.04752,0.49754
14:22:57.422291,0.49124,0.14994,0.85802,-0.03374,0.98761,-0.15327,-0.87037,0.04635,0.49021
14:22:57.442043,0.48511,0.14904,0.86166,-0.03446,0.98786,-0.15147,-0.87377,0.04378,0.48436
14:22:57.461815,0.48249,0.14372,0.86403,-0.02998,0.98858,-0.14769,-0.87539,0.04536,0.48129
14:22:57.482075,0.47943,0.14319,0.86582,-0.02993,0.98869,-0.14694,-0.87707,0.04453,0.47830
14:22:57.501850,0.47553,0.14370,0.86789,-0.03017,0.98865,-0.14716,-0.87918,0.04380,0.47447
14:22:57.521625,0.47005,0.14367,0.87087,-0.03097,0.98874,-0.14641,-0.88210,0.04185,0.46921
14:22:57.541386,0.46347,0.14379,0.87437,-0.03305,0.98886,-0.14510,-0.88550,0.03836,0.46306
14:22:57.561169,0.45873,0.14219,0.87712,-0.03175,0.98911,-0.14374,-0.88801,0.03809,0.45825
14:22:57.580944,0.45344,0.14222,0.87986,-0.03325,0.98920,-0.14276,-0.89066,0.03548,0.45327
14:22:57.601193,0.44864,0.14196,0.88237,-0.03445,0.98932,-0.14165,-0.89305,0.03316,0.44874
14:22:57.620968,0.44671,0.13936,0.88376,-0.02997,0.98957,-0.14090,-0.89418,0.03645,0.44623
14:22:57.640747,0.44523,0.13859,0.88463,-0.02488,0.98948,-0.14249,-0.89507,0.04143,0.44400
14:22:57.660538,0.44312,0.13894,0.88563,-0.01994,0.98920,-0.14521,-0.89624,0.04668,0.44111
14:22:57.680298,0.43940,0.14001,0.88731,-0.01709,0.98890,-0.14758,-0.89813,0.04968,0.43692
14:22:57.700527,0.43503,0.14035,0.88941,-0.01690,0.98888,-0.14778,-0.90026,0.04926,0.43256
14:22:57.720306,0.43258,0.13915,0.89079,-0.01570,0.98903,-0.14687,-0.90146,0.04955,0.43001
14:22:57.740078,0.43051,0.13888,0.89184,-0.01399,0.98900,-0.14726,-0.90248,0.05092,0.42772
14:22:57.759869,0.42927,0.13805,0.89256,-0.01222,0.98905,-0.14710,-0.90309,0.05224,0.42625
14:22:57.779652,0.42741,0.13644,0.89370,-0.01049,0.98923,-0.14601,-0.90400,0.05303,0.42424
14:22:57.799427,0.42361,0.13409,0.89586,-0.00979,0.98960,-0.14349,-0.90579,0.05201,0.42052
14:22:57.819679,0.41813,0.13117,0.89886,-0.01030,0.99014,-0.13970,-0.90833,0.04916,0.41536
14:22:57.843311,0.41102,0.12835,0.90254,-0.01348,0.99079,-0.13476,-0.91153,0.04323,0.40897
14:22:57.863091,0.40542,0.12527,0.90551,-0.01686,0.99142,-0.12960,-0.91398,0.03728,0.40405
14:22:57.882866,0.40061,0.12116,0.90820,-0.01910,0.99211,-0.12393,-0.91605,0.03230,0.39976
14:22:57.902630,0.39592,0.11482,0.91108,-0.01810,0.99293,-0.11728,-0.91811,0.02994,0.39520
14:22:57.922878,0.39088,0.10701,0.91420,-0.01681,0.99388,-0.10915,-0.92029,0.02730,0.39029
14:22:57.942642,0.38641,0.09830,0.91707,-0.01728,0.99490,-0.09936,-0.92217,0.02255,0.38614
14:22:57.962410,0.38357,0.08856,0.91926,-0.02130,0.99598,-0.08706,-0.92327,0.01381,0.38391
14:22:57.982170,0.38373,0.07815,0.92013,-0.02622,0.99693,-0.07374,-0.92307,0.00418,0.38461
14:22:58.005714,0.38469,0.06889,0.92047,-0.03756,0.99755,-0.05896,-0.92228,-0.01189,0.38634
14:22:58.025433,0.37906,0.06692,0.92295,-0.04839,0.99745,-0.05245,-0.92411,-0.02478,0.38133
14:22:58.045654,0.36987,0.06737,0.92664,-0.05134,0.99733,-0.05202,-0.92766,-0.02833,0.37234
14:22:58.065422,0.36394,0.06641,0.92905,-0.04348,0.99758,-0.05427,-0.93041,-0.02064,0.36595
14:22:58.085205,0.36249,0.06604,0.92964,-0.03385,0.99776,-0.05768,-0.93137,-0.01056,0.36392
14:22:58.104961,0.36652,0.06402,0.92821,-0.01292,0.99788,-0.06373,-0.93032,0.01137,0.36657
14:22:58.124725,0.36989,0.06796,0.92659,-0.01609,0.99764,-0.06674,-0.92894,0.00977,0.37011
14:22:58.144939,0.36775,0.08059,0.92642,-0.03315,0.99674,-0.07355,-0.92933,-0.00366,0.36923
14:22:58.168472,0.36162,0.09032,0.92794,-0.04659,0.99580,-0.07877,-0.93116,-0.01475,0.36431
14:22:58.188171,0.35051,0.09777,0.93144,-0.05583,0.99495,-0.08343,-0.93489,-0.02276,0.35420
14:22:58.207897,0.33749,0.10324,0.93565,-0.05590,0.99441,-0.08956,-0.93967,-0.02208,0.34137
14:22:58.227634,0.32018,0.11243,0.94066,-0.06250,0.99328,-0.09744,-0.94529,-0.02759,0.32505
14:22:58.247379,0.30521,0.11719,0.94505,-0.06527,0.99264,-0.10202,-0.95005,-0.03055,0.31061
14:22:58.267605,0.29183,0.12328,0.94849,-0.06828,0.99181,-0.10790,-0.95403,-0.03328,0.29786
14:22:58.287350,0.27849,0.12961,0.95166,-0.07408,0.99080,-0.11326,-0.95758,-0.03896,0.28553
14:22:58.307095,0.26308,0.13409,0.95541,-0.09139,0.98930,-0.11368,-0.96043,-0.05741,0.27252
14:22:58.330643,0.24376,0.13826,0.95993,-0.11094,0.98726,-0.11402,-0.96347,-0.07870,0.25600
14:22:58.350395,0.23150,0.13875,0.96289,-0.10886,0.98726,-0.11609,-0.96673,-0.07795,0.24365
14:22:58.370647,0.22159,0.13505,0.96574,-0.09911,0.98835,-0.11547,-0.97009,-0.07013,0.23239
14:22:58.390411,0.21350,0.12785,0.96854,-0.08331,0.99017,-0.11234,-0.97338,-0.05671,0.22206
14:22:58.410187,0.20758,0.11701,0.97119,-0.06482,0.99228,-0.10570,-0.97607,-0.04101,0.21356
14:22:58.429932,0.20596,0.10325,0.97310,-0.04502,0.99436,-0.09598,-0.97752,-0.02404,0.20945
14:22:58.449684,0.20453,0.09198,0.97453,-0.02924,0.99571,-0.08784,-0.97842,-0.01053,0.20635
14:22:58.469429,0.19887,0.08587,0.97626,-0.02086,0.99630,-0.08338,-0.97980,-0.00378,0.19992
14:22:58.489479,0.19032,0.08227,0.97827,-0.01655,0.99661,-0.08059,-0.98158,-0.00086,0.19104
14:22:58.509209,0.18309,0.07928,0.97989,-0.01626,0.99685,-0.07762,-0.98296,-0.00172,0.18380
14:22:58.528961,0.17716,0.07626,0.98122,-0.01632,0.99708,-0.07454,-0.98405,-0.00281,0.17789
14:22:58.548714,0.16800,0.07901,0.98262,-0.02232,0.99683,-0.07633,-0.98554,-0.00910,0.16923
14:22:58.568485,0.15514,0.08717,0.98404,-0.03189,0.99602,-0.08320,-0.98738,-0.01847,0.15730
14:22:58.588718,0.14221,0.09405,0.98536,-0.03769,0.99527,-0.08955,-0.98912,-0.02441,0.14509
14:22:58.608479,0.12982,0.10002,0.98648,-0.04075,0.99460,-0.09548,-0.99070,-0.02781,0.13320
14:22:58.628235,0.11763,0.10473,0.98752,-0.04162,0.99407,-0.10046,-0.99219,-0.02928,0.12129
14:22:58.647991,0.10551,0.10713,0.98863,-0.04024,0.99383,-0.10340,-0.99360,-0.02887,0.10917
14:22:58.667732,0.09264,0.10831,0.98979,-0.03614,0.99378,-0.10537,-0.99504,-0.02601,0.09598
14:22:58.687492,0.07847,0.11060,0.99076,-0.03226,0.99359,-0.10836,-0.99639,-0.02346,0.08153
14:22:58.707718,0.06579,0.11379,0.99132,-0.02931,0.99327,-0.11207,-0.99740,-0.02168,0.06869
14:22:58.727474,0.05869,0.11657,0.99145,-0.03206,0.99287,-0.11484,-0.99776,-0.02505,0.06201
14:22:58.747231,0.05403,0.11903,0.99142,-0.03624,0.99245,-0.11718,-0.99788,-0.02960,0.05793
14:22:58.766995,0.04715,0.12273,0.99132,-0.03503,0.99202,-0.12115,-0.99827,-0.02901,0.05108
14:22:58.786755,0.04052,0.12730,0.99104,-0.03367,0.99146,-0.12598,-0.99861,-0.02826,0.04446
